"PlL050-3-5820-87-MS to Deg F"
"AD input value * 10"
"Deg F"
3375.19553072626        122                      
3825.21181001284        113                      
4311.28055050225        104                      
4827.17504332756        95                       
5364.76097560976        86                       
5912.24018475751        77                       
6458.12310797175        68                       
6988.07809110629        59                       
7489.29174311927        50                       
7953.33740085418        41                       
8370.2868545772         32                       
8737.85971943888        23                       
9052.28331484709        14                       
9315.06416584403        5                        
9530.4505868989         -4                       
9703.52132837103        -13                     *
